5111111111111111,654